5000
10000 	17223236  	683059
5000 	5058958  	324874
2500 	1982109  	154655
1250 	807785  	70561
625 	343739  	32885
313 	145530  	15330
157 	60925  	7072
79 	25848  	3234
40 	10728  	1489
20 	4313  	676
10 	1657  	316
5 	606  	154
3 	300  	99
2 	184  	68
1-4
10000 	6555641  	709858
5000 	2992372  	318584
2500 	1358053  	149862
1250 	607807  	70403
625 	272377  	32896
313 	118645  	15330
157 	51648  	7061
79 	22612  	3236
40 	8989  	1474
20 	3486  	680
10 	1333  	329
5 	509  	154
3 	257  	101
2 	187  	66
4-1
10000 	16150827  	862164
5000 	5038335  	408434
2500 	1958523  	194083
1250 	805346  	92327
625 	343905  	43787
313 	145412  	20742
157 	60924  	9655
79 	25965  	4464
40 	10731  	2049
20 	4295  	954
10 	1649  	446
5 	602  	203
3 	301  	115
2 	189  	73
rand
10000 	12632899  	3068328
5000 	5045534  	1419428
2500 	2142548  	645016
1250 	922598  	279335
625 	406441  	116190
313 	174721  	42776
157 	68215  	12736
79 	25216  	5398
40 	10240  	2403
20 	3894  	906
10 	1459  	401
5 	564  	196
3 	302  	117
2 	187  	64
