4-3-2-1
10000 	17496025  	16677910
9915 	16199328  	15966226
9745 	15422267  	15212433
9660 	14965347  	14874210
9575 	14724109  	14544495
9490 	14237354  	14272764
9406 	13978646  	13897079
9322 	13571598  	13802804
9238 	13390341  	13473422
9070 	12622916  	12808765
8986 	12389670  	12325615
8903 	12078632  	12056654
8820 	12045226  	11815098
8737 	11656153  	11620252
8654 	11328139  	11380957
8571 	11131967  	11129167
8488 	11008805  	10958149
8324 	10750393  	10600923
8242 	10427904  	10482816
8160 	10450215  	10244167
8078 	10104024  	10104138
7997 	9973255  	9962663
7916 	10032406  	9813537
7835 	10227400  	10102362
7754 	9638115  	9535576
7673 	9434238  	9396942
7592 	9184848  	9182636
7432 	8936572  	9207711
7352 	8801089  	8819920
7272 	8645343  	8642640
7192 	8498382  	8815616
7113 	8365836  	8389706
7034 	8227714  	8237346
6955 	8147423  	8108437
6876 	7973718  	8162042
6797 	7853972  	7842166
6719 	7741860  	7712033
6641 	7593924  	7628439
6563 	7603073  	7500642
6407 	7186780  	7204130
6330 	7061364  	7075942
6253 	6970397  	7577584
6176 	7040929  	6835978
6099 	6693657  	6697088
6023 	6593408  	6600525
5947 	6479476  	6584164
5871 	6352284  	6486036
5795 	6242236  	6219793
5719 	6106374  	6132028
5644 	6010954  	6006101
5569 	5916645  	5895794
5494 	5932690  	5786937
5419 	5705779  	5910625
5345 	5576509  	5550698
5271 	5461736  	5439763
5123 	5271849  	5229215
5050 	5123401  	5131022
4977 	5021697  	5019636
4904 	4942761  	4981671
4831 	4860953  	4809739
4759 	4723389  	4726433
4687 	4662389  	4699528
4615 	4515630  	4517658
4543 	4414323  	4405337
4472 	4312220  	4314428
4401 	4208465  	4219386
4330 	4120210  	4206667
4259 	4025820  	4149850
4189 	4006156  	3943700
4119 	3835946  	3851914
4049 	3757867  	3753461
3980 	3660416  	3673367
3911 	3572393  	3595120
3842 	3522636  	3510635
3773 	3417907  	3420606
3705 	3351816  	3326888
3637 	3256764  	3331888
3569 	3235029  	3176865
3502 	3100215  	3104889
3435 	3007515  	3003747
3302 	2863864  	2854527
3236 	2787334  	2794563
3170 	2700053  	2709418
3105 	2645660  	2640345
3040 	2557024  	2563226
2975 	2554524  	2706324
2911 	2417331  	2419903
2847 	2342793  	2358823
2783 	2275099  	2281010
2720 	2207102  	2203921
2657 	2143423  	2133458
2594 	2084741  	2073613
2532 	2011770  	2002905
2470 	1947064  	1945878
2408 	1872820  	1876006
2347 	1821729  	1818934
2286 	1758999  	1747798
2226 	1689646  	1689733
2166 	1637664  	1646458
2107 	1573206  	1569048
2048 	1521391  	1518075
1989 	1456955  	1524703
1931 	1436166  	1485975
1873 	1390761  	1353029
1816 	1312570  	1308811
1759 	1248996  	1260204
1703 	1211833  	1210249
1647 	1159260  	1150945
1592 	1120080  	1108860
1537 	1060678  	1073252
1483 	1009990  	1001572
1429 	968594  	959421
1376 	920661  	926725
1323 	873646  	869758
1271 	831465  	830264
1219 	780252  	784106
1168 	752901  	742598
1118 	703781  	702572
1068 	668167  	663220
1019 	622314  	629366
971 	596593  	600889
923 	555538  	557829
876 	519345  	526426
830 	487144  	487013
784 	461798  	467234
739 	427343  	420363
695 	398501  	399326
652 	365987  	360603
610 	342118  	331625
568 	303069  	308830
527 	282259  	275358
487 	252096  	249449
448 	225450  	233172
410 	207924  	205233
373 	179950  	180153
337 	163829  	165133
303 	143699  	138342
270 	121554  	118463
238 	103425  	100749
208 	85199  	85227
179 	70780  	70801
152 	61501  	57660
126 	45034  	45016
102 	34974  	34986
80 	28483  	25823
60 	17701  	17682
43 	14919  	11681
28 	6615  	6606
16 	3063  	3463
8 	1223  	1161
3 	304  	1515
