4-3-2-1
10000 	6768334  	7275355
9915 	6539404  	6889894
9745 	6409354  	6505927
9660 	6356644  	6382853
9575 	6304799  	6290994
9490 	6224370  	6239765
9406 	6227435  	6149793
9322 	6083498  	6090400
9238 	6026278  	6025541
9154 	5974394  	6052051
9070 	5913405  	5920459
8986 	5980383  	5957893
8903 	5822983  	5787426
8820 	5714616  	5734354
8737 	5642851  	5654640
8654 	5586146  	5645179
8571 	5549496  	5637324
8488 	5458813  	5455587
8406 	5422404  	5405848
8242 	5277159  	5442953
8160 	5235758  	5347146
8078 	5314499  	5226304
7997 	5123541  	5112895
7916 	5055391  	5074066
7835 	5002447  	5004109
7754 	4950095  	4938375
7673 	4870922  	4881086
7592 	4894552  	4832297
7512 	4760692  	4827451
7432 	4707750  	4732093
7352 	4660992  	4660746
7272 	4598383  	4600776
7192 	4567994  	4544432
7113 	4578285  	4564632
7034 	4439189  	4446685
6955 	4374771  	4375012
6876 	4344678  	4450795
6797 	4265258  	4552819
6719 	4713562  	4671289
6641 	4252239  	4165536
6563 	4249320  	4113335
6407 	3998474  	3992665
6330 	3953019  	3947390
6253 	3943721  	3894220
6176 	3891925  	3848086
6099 	3804004  	3802302
6023 	3728698  	3909136
5947 	3908924  	3693522
5871 	3627617  	3716743
5795 	3649941  	3609985
5719 	3531762  	3517624
5644 	3475435  	3483950
5569 	3420838  	3412855
5494 	3366048  	3356289
5419 	3366910  	3310549
5345 	3396824  	3255519
5271 	3208694  	3200361
5197 	3163210  	3177462
5123 	3103728  	3110774
5050 	3056138  	3056436
4977 	3044233  	3008463
4904 	2950223  	2969007
4831 	2906894  	2906679
4759 	2860327  	2852903
4687 	2812200  	2802049
4615 	2869524  	2789128
4543 	2721169  	2701625
4472 	2661112  	2673232
4401 	2605059  	2603541
4330 	2555914  	2564646
4259 	2511654  	2511002
4189 	2471405  	2496960
4119 	2411254  	2408003
3980 	2330653  	2314056
3911 	2273273  	2273033
3842 	2236375  	2235545
3773 	2360467  	2180869
3705 	2138309  	2142489
3637 	2094709  	2094553
3569 	2046921  	2069235
3502 	2044258  	2021092
3435 	1964551  	1981553
3368 	1918732  	1927471
3302 	1884041  	1886085
3236 	1841415  	1842119
3170 	1803055  	1803772
3105 	1756053  	1760366
3040 	1717728  	1709224
2975 	1673733  	1685551
2911 	1636348  	1629875
2847 	1600033  	1589307
2783 	1540819  	1568856
2720 	1568672  	1590756
2657 	1495330  	1476822
2594 	1429865  	1429306
2532 	1395541  	1384683
2470 	1360015  	1351558
2408 	1312021  	1309240
2347 	1270546  	1286092
2286 	1229185  	1235090
2226 	1190200  	1196618
2166 	1155974  	1150336
2107 	1118090  	1172254
2048 	1189490  	1098888
1989 	1052023  	1054403
1931 	1010511  	1013642
1873 	985702  	981232
1816 	940145  	945823
1759 	905955  	919294
1703 	877617  	879617
1647 	852541  	849610
1592 	817473  	816360
1537 	778482  	788141
1483 	755151  	763906
1429 	723719  	717237
1376 	685645  	692264
1323 	649002  	658725
1271 	622109  	643769
1219 	596972  	599666
1168 	562810  	567429
1118 	535086  	536956
1068 	505334  	518123
1019 	482752  	501795
971 	499075  	499138
923 	432749  	427208
876 	407232  	403267
830 	378590  	385341
784 	354945  	351992
739 	328677  	335832
695 	308843  	308603
652 	283140  	288279
610 	267760  	265254
568 	242299  	249659
527 	221479  	218638
487 	198997  	201989
448 	180910  	185698
410 	163514  	163317
373 	148960  	146306
337 	129634  	129497
303 	114001  	118045
270 	101321  	98511
238 	84629  	84841
208 	72402  	72388
179 	60573  	60869
152 	52753  	49627
126 	39043  	39031
102 	30778  	30620
80 	22920  	22885
60 	16990  	16299
43 	9827  	9835
28 	5378  	5381
16 	2492  	2487
8 	965  	960
3 	262  	256
