1-2-3-4
10000 	6874263  	7056687
9990 	6590197  	6941108
9980 	6722955  	6552696
9970 	6554449  	6557126
9960 	6553567  	6716798
9950 	6594791  	6537072
9940 	6536853  	6556215
9930 	6527675  	6531661
9920 	6521385  	6529886
9910 	6531060  	6521287
9900 	6572038  	6552723
9890 	6649383  	6518086
9880 	6499942  	6506306
9870 	6488902  	6611375
9860 	6469009  	6478784
9840 	6454013  	6450055
9830 	6452112  	6464358
9820 	6454949  	6448208
9810 	6569021  	6652972
9800 	6595702  	6519567
9790 	6521423  	6432002
9780 	6425006  	6597835
9770 	6427229  	6425289
9760 	6411886  	6418938
9750 	6402341  	6407192
9740 	6390381  	6432278
9730 	6417022  	6392658
9720 	6396458  	6395083
9710 	6427092  	6488170
9700 	6474716  	6433837
9690 	6362113  	6363342
9670 	6409012  	6339146
9660 	6336998  	6328996
9650 	6334484  	6323383
9640 	6314961  	6330391
9630 	6328632  	6321847
9620 	6360888  	6421359
9610 	6388456  	6329534
9600 	6288414  	6284219
9590 	6280395  	6357013
9580 	6291494  	6277983
9570 	6273932  	6321464
9560 	6265881  	6255737
9550 	6263604  	6240589
9540 	6267234  	6247113
9530 	6252091  	6233270
9520 	6347374  	6296019
9500 	6218865  	6232336
9490 	6385510  	6199310
9480 	6205933  	6181061
9470 	6183511  	6196206
9460 	6281863  	6215549
9450 	6243580  	6202671
9440 	6171280  	6161550
9430 	6166759  	6247031
9420 	6373428  	6158218
9410 	6153402  	6151954
9400 	6135189  	6269709
9390 	6181616  	6135511
9380 	6135569  	6119027
9370 	6109061  	6122675
9360 	6101829  	6104981
9350 	6099067  	6106161
9330 	6174911  	6289030
9320 	6083686  	6110945
9310 	6073432  	6082875
9300 	6066622  	6218718
9290 	6050572  	6055955
9280 	6041652  	6090645
9270 	6058094  	6032247
9260 	6029317  	6035294
9250 	6024853  	6043333
9240 	6013530  	6030493
9230 	5999025  	6155139
9220 	6012645  	6263530
9210 	5992257  	5986474
9200 	6076394  	6064089
9190 	5996454  	5970790
9180 	5978326  	5983436
9170 	5970554  	5971858
9150 	5963697  	5941185
9140 	5940972  	5944097
9130 	5961020  	6109343
9120 	5925591  	5936223
9110 	5910709  	5931028
9100 	5979593  	6048409
9090 	5914599  	5906789
9080 	5890519  	5898960
9070 	5927962  	5889115
9060 	5880532  	5886371
9050 	5873378  	5890632
9040 	5862893  	5936136
9030 	5925111  	6141715
9020 	5868496  	5861177
9010 	5848214  	5841572
9000 	5828878  	5978108
8990 	5823966  	5842749
8970 	5850457  	5838639
8960 	5802586  	5802461
8950 	5795319  	5805831
8940 	5787054  	5811815
8930 	5792764  	5918103
8920 	5805687  	5785402
8910 	5779166  	5773380
8900 	5772197  	5895415
8890 	5768590  	5753778
8880 	5740975  	5744158
8870 	5730410  	5742174
8860 	5725386  	5736022
8850 	5721746  	5722044
8840 	5734811  	5704595
8830 	5717756  	5709398
8820 	5929842  	5702782
8810 	5692351  	5693967
8800 	5677108  	5680141
8780 	5682441  	5655780
8770 	5659001  	5658092
8760 	5651945  	5642710
8750 	5643885  	5645632
8740 	5640705  	5650570
8730 	5639057  	5646418
8720 	5618196  	5779835
8710 	5651279  	5720706
8700 	5619006  	5604501
8690 	5624478  	5744434
8680 	5617185  	5606202
8670 	5579301  	5590198
8660 	5577820  	5590136
8650 	5580133  	5568707
8640 	5569594  	5571754
8630 	5568168  	5561207
8620 	5564045  	5621909
8610 	5671263  	5563990
8590 	5519246  	5534788
8580 	5515517  	5626367
8570 	5524747  	5533042
8560 	5493787  	5519386
8550 	5487495  	5506101
8540 	5488603  	5493531
8530 	5481312  	5494948
8520 	5490913  	5467057
8510 	5484531  	5459439
8500 	5650621  	5483085
8490 	5459154  	5473275
8480 	5445671  	5470015
8470 	5453122  	5484684
8460 	5415936  	5458567
8450 	5412288  	5434757
8440 	5408713  	5412002
8430 	5402368  	5423753
8420 	5396681  	5416273
8400 	5410087  	5384085
8390 	5474244  	5416849
8380 	5372644  	5382139
8370 	5364542  	5362593
8360 	5357297  	5397487
8350 	5358567  	5360746
8340 	5350024  	5353074
8330 	5332262  	5323372
8320 	5336061  	5326250
8310 	5316196  	5335860
8300 	5303554  	5305499
8290 	5346600  	5293042
8280 	5430406  	5385951
8270 	5286142  	5282066
8260 	5276407  	5272891
8250 	5283875  	5387313
8240 	5262959  	5275756
8230 	5250023  	5240898
8220 	5257927  	5291434
8200 	5231263  	5220554
8190 	5233166  	5226941
8180 	5224054  	5228868
8170 	5235865  	5393653
8160 	5218803  	5336119
8150 	5368889  	5191676
8140 	5180254  	5188679
8130 	5290944  	5182666
8120 	5176545  	5171755
8110 	5155570  	5246857
8100 	5155185  	5153346
8091 	5154375  	5147379
8082 	5139553  	5153381
8073 	5135049  	5141005
8064 	5144125  	5123100
8055 	5320677  	5127779
8046 	5143453  	5134332
8037 	5127894  	5224701
8028 	5136000  	5222675
8019 	5108679  	5123239
8001 	5095600  	5098059
7992 	5094416  	5098987
7983 	5091244  	5078342
7974 	5097368  	5111356
7965 	5236255  	5094133
7956 	5100484  	5169888
7947 	5182701  	5053352
7938 	5045020  	5035231
7929 	5020867  	5055766
7920 	5134435  	5031382
7911 	5035944  	5033651
7902 	5013015  	5011069
7893 	5007360  	5049909
7884 	5004929  	5007056
7875 	5001816  	4994763
7866 	4995653  	4996555
7857 	4993234  	5010059
7848 	4965123  	5112339
7839 	4981534  	4969786
7830 	4979643  	4963078
7812 	5082703  	4975541
7803 	4954147  	4977498
7794 	4957067  	4951653
7785 	4955656  	4957662
7776 	4949670  	4949259
7767 	4942788  	4939231
7758 	4940588  	4926711
7749 	4929286  	4932341
7740 	4908572  	4993756
7731 	4947068  	4908965
7722 	4902738  	4892430
7713 	4890730  	4888611
7704 	4895677  	4937434
7695 	4874521  	4886185
7686 	4861536  	4866482
7677 	4872904  	4856146
7668 	4856292  	4856464
7659 	4850823  	4851133
7650 	4842384  	4857185
7641 	4826134  	4840045
7632 	4845767  	4831085
7614 	4981486  	4908517
7605 	4812266  	4824130
7596 	4819944  	4881979
7587 	4801538  	4799934
7578 	4804246  	4792578
7569 	4787375  	4783199
7560 	4788597  	4788619
7551 	4772673  	4827839
7542 	4814775  	4855187
7533 	4881293  	4775292
7524 	4769049  	4754203
7515 	4801703  	4840668
7506 	4738775  	4758882
7497 	4740201  	4737502
7488 	4724599  	4740794
7479 	4842564  	4732928
7470 	4731127  	4725229
7461 	4704708  	4715456
7452 	4701185  	4703323
7443 	4696039  	4698111
7434 	4711566  	4704150
7416 	4683130  	4682846
7407 	4682304  	4671733
7398 	4925731  	4679902
7389 	4665280  	4707550
7380 	4669567  	4661380
7371 	4659059  	4656720
7362 	4758914  	4648904
7353 	4639892  	4638051
7344 	4628343  	4637967
7335 	4626310  	4622504
7326 	4619594  	4629859
7317 	4611489  	4658796
7308 	4609453  	4612792
7299 	4616073  	4616994
7290 	4590526  	4636596
7281 	4695122  	4608816
7272 	4591229  	4591121
7263 	4582923  	4577487
7254 	4575101  	4618794
7245 	4691802  	4573051
7236 	4550460  	4557710
7227 	4542556  	4553406
7218 	4536406  	4541907
7200 	4530489  	4526401
7191 	4542123  	4532249
7182 	4512340  	4527654
7173 	4515287  	4519126
7164 	4740675  	4526421
7155 	4512773  	4507505
7146 	4500041  	4504530
7137 	4508831  	4504885
7128 	4589788  	4488997
7119 	4619453  	4718330
7110 	4469542  	4496830
7101 	4466061  	4469992
7092 	4464261  	4464139
7083 	4463665  	4453562
7074 	4459627  	4469015
7065 	4448978  	4452886
7056 	4452537  	4438044
7047 	4509069  	4528751
7038 	4430855  	4547614
7029 	4416254  	4423255
7020 	4413130  	4415096
7011 	4437082  	4503684
6993 	4398905  	4396261
6984 	4424917  	4381426
6975 	4387732  	4376169
6966 	4375082  	4377915
6957 	4369885  	4367413
6948 	4367840  	4365061
6939 	4356208  	4369103
6930 	4356418  	4413847
6921 	4431933  	4353197
6912 	4341448  	4334883
6903 	4333027  	4352452
6894 	4326894  	4338677
6885 	4442479  	4323150
6876 	4312851  	4321170
6867 	4302819  	4309038
6858 	4299964  	4299102
6849 	4297018  	4302058
6840 	4289595  	4287800
6831 	4275409  	4285604
6822 	4286123  	4276800
6813 	4271526  	4275918
6804 	4257728  	4390769
6795 	4335230  	4274727
6786 	4261245  	4260900
6768 	4239097  	4247535
6759 	4347119  	4231265
6750 	4235252  	4233035
6741 	4218884  	4219710
6732 	4210589  	4215821
6723 	4205571  	4207802
6714 	4208030  	4192096
6705 	4191663  	4217018
6696 	4196287  	4195166
6687 	4203187  	4184176
6678 	4168932  	4248432
6669 	4259891  	4171337
6660 	4163900  	4171586
6651 	4169119  	4162234
6642 	4179329  	4156023
6633 	4307294  	4144155
6624 	4134544  	4140148
6615 	4146646  	4138600
6606 	4125865  	4128115
6597 	4120404  	4115305
6588 	4108211  	4125047
6579 	4109805  	4108696
6570 	4105348  	4123839
6561 	4097654  	4094012
6552 	4093889  	4082461
6534 	4070325  	4083168
6525 	4070973  	4062954
6516 	4057390  	4060400
6507 	4054723  	4124316
6498 	4054659  	4041862
6489 	4153807  	4046762
6480 	4034099  	4026014
6471 	4022466  	4022462
6462 	4019365  	4031396
6453 	4018952  	4018548
6444 	4012439  	4018305
6435 	4017864  	4004880
6426 	4000433  	4014851
6417 	3993843  	3991020
6408 	4187461  	4019061
6399 	3987297  	4141659
6390 	3979890  	3990085
6381 	3991851  	3992837
6372 	3981220  	4095222
6363 	3982743  	3956574
6354 	4158197  	3951977
6345 	3947302  	3948704
6336 	3937321  	3944459
6327 	3930485  	3946386
6318 	3936773  	3926648
6309 	4100163  	3915468
6291 	3932135  	3914311
6282 	3911061  	3903546
6273 	4027934  	3920189
6264 	3897590  	3907580
6255 	3901557  	3882745
6246 	3870606  	3879605
6237 	3890872  	4000675
6228 	3896459  	3880991
6219 	3876006  	3885371
6210 	3851519  	3861198
6201 	3852357  	3852207
6192 	3860729  	3832018
6183 	3836032  	3841583
6174 	3821461  	3831235
6165 	3814675  	3839874
6156 	3813960  	3814097
6147 	3958181  	3811743
6138 	3796177  	3980877
6129 	3821528  	3798585
6120 	3799995  	3799347
6111 	3781882  	3793751
6102 	3789116  	3776783
6093 	3830686  	3843367
6084 	3771953  	3762114
6075 	3759884  	3762509
6066 	3754749  	3755628
6048 	3740448  	4031248
6039 	3997232  	3899182
6030 	3878330  	3800591
6021 	3808124  	3748749
6012 	3732447  	3757092
6003 	3731581  	3729310
5994 	3779493  	3761686
5985 	3720356  	3702342
5976 	3699056  	3687144
5967 	3695211  	3691812
5958 	3682503  	3686919
5949 	3785629  	3681698
5940 	3668892  	3683668
5931 	3670881  	3654162
5922 	3656957  	3690570
5913 	3639765  	3647231
5904 	3646494  	3649819
5895 	3659133  	3648201
5886 	3625459  	3633839
5877 	3628462  	3647123
5868 	3619179  	3613582
5859 	3628718  	3609333
5850 	3599561  	3727251
5841 	3618419  	3593025
5832 	3592437  	3589961
5823 	3584044  	3597303
5814 	3582680  	3577346
5805 	3568240  	3684443
5787 	3561134  	3557448
5778 	3556148  	3557182
5769 	3554967  	3542918
5760 	3536503  	3539760
5751 	3532951  	3536106
5742 	3527288  	3525211
5733 	3525696  	3519678
5724 	3520524  	3520564
5715 	3503763  	3514483
5706 	3517309  	3498841
5697 	3563013  	3563717
5688 	3519423  	3481333
5679 	3734817  	3491267
5670 	3478211  	3484739
5661 	3465552  	3469512
5652 	3462457  	3676257
5643 	3492084  	3457548
5634 	3449362  	3450741
5625 	3450971  	3448906
5616 	3433407  	3441691
5607 	3423063  	3436376
5598 	3419818  	3434399
5589 	3430641  	3416647
5580 	3408001  	3418381
5571 	3407595  	3399372
5562 	3402614  	3395054
5553 	3406943  	3388900
5544 	3380401  	3486787
5535 	3432885  	3394887
5526 	3378452  	3386996
5508 	3389820  	3363136
5499 	3373205  	3365090
5490 	3462510  	3356579
5481 	3336954  	3350386
5472 	3340118  	3342028
5463 	3328354  	3329749
5454 	3319914  	3322975
5445 	3320429  	3317210
5436 	3312850  	3313020
5427 	3301891  	3303058
5418 	3306131  	3296905
5409 	3317503  	3306418
5400 	3294349  	3283497
5391 	3286321  	3285314
5382 	3287008  	3405140
5373 	3303209  	3278496
5364 	3259007  	3274282
5355 	3257142  	3249607
5346 	3254101  	3238241
5337 	3252415  	3242085
5328 	3386764  	3358646
5319 	3226714  	3241149
5310 	3237880  	3233438
5301 	3230879  	3210521
5292 	3218720  	3213912
5283 	3205182  	3208419
5274 	3193999  	3207572
5265 	3202296  	3189924
5256 	3185930  	3185564
5247 	3191778  	3190915
5238 	3180761  	3176719
5229 	3166202  	3176047
5211 	3361046  	3221575
5202 	3161455  	3153472
5193 	3166506  	3145165
5184 	3141715  	3141730
5175 	3154299  	3139210
5166 	3134818  	3132633
5157 	3387455  	3118618
5148 	3125597  	3111552
5139 	3106703  	3113164
5130 	3092345  	3112717
5121 	3101466  	3097328
5112 	3082689  	3100163
5103 	3085175  	3083131
5094 	3082414  	3072914
5085 	3071819  	3073207
5076 	3071343  	3063323
5067 	3060216  	3053627
5058 	3038167  	3052401
5049 	3047963  	3057634
5040 	3097148  	3115632
5031 	3054298  	3028871
5022 	3030560  	3024332
5013 	3023797  	3017854
5004 	3020595  	3010934
4995 	3000788  	3021392
4986 	3050478  	3163491
4977 	3001743  	2992748
4968 	2995686  	2989506
4959 	2980532  	2981047
4950 	2979189  	2973491
4941 	2969280  	2964843
4932 	2964804  	2952607
4923 	2960449  	2957197
4914 	2966776  	2947675
4896 	2953238  	2941349
4887 	2940070  	2941269
4878 	2928723  	2929248
4869 	2923160  	2921834
4860 	3033754  	2982226
4851 	2928946  	2912005
4842 	2952284  	3013450
4833 	2897544  	2893911
4824 	2892419  	2890278
4815 	2882978  	2889472
4806 	2874179  	3001145
4797 	2875372  	2871889
4788 	2854688  	2874038
4779 	2858903  	2866083
4770 	2849339  	2860771
4761 	2849833  	2844496
4752 	2845641  	2839222
4743 	2828658  	2899566
4734 	2830406  	2838072
4725 	2816587  	2822437
4716 	2817789  	2815361
4707 	2828567  	2813208
4698 	2817676  	2809528
4689 	2840659  	2798369
4680 	2805624  	2785226
4671 	2852931  	2834392
4662 	2789750  	2775617
4653 	2794676  	2769835
4644 	2758816  	2766918
4635 	2757049  	2759328
4626 	2757974  	2754617
4617 	2753990  	2792979
4608 	2971301  	2868225
4599 	2744166  	2747245
4590 	2737476  	2852291
4581 	2741613  	2726796
4572 	2716455  	2717672
4554 	2720005  	2711654
4545 	2692249  	2702019
4536 	2702684  	2766057
4527 	2680784  	2690190
4518 	2669898  	2696580
4509 	2674015  	2669296
4500 	2667808  	2666856
4491 	2662978  	2661266
4482 	2655796  	2664305
4473 	2748524  	2673071
4464 	2642517  	2643958
4455 	2647296  	2635409
4446 	2624660  	2631063
4437 	2612363  	2627680
4428 	2628342  	2624594
4419 	2608651  	2614451
4410 	2753572  	2606768
4401 	2597979  	2594950
4392 	2588406  	2589553
4383 	2579442  	2589494
4374 	2576731  	2575285
4365 	2568168  	2574692
4356 	2568515  	2566929
4347 	2557842  	2560102
4338 	2560551  	2546562
4329 	2553671  	2549098
4320 	2527831  	2539592
4311 	2551187  	2528815
4302 	2529875  	2535322
4293 	2519073  	2526051
4284 	2526149  	2519208
4275 	2514282  	2503697
4266 	2609383  	2577003
4257 	2502081  	2496835
4248 	2509439  	2495211
4239 	2481902  	2485116
4230 	2483904  	2478990
4221 	2471983  	2471824
4212 	2468692  	2463709
4203 	2464636  	2618558
4185 	2446033  	2453272
4176 	2447571  	2439938
4167 	2445050  	2424417
4158 	2428560  	2435668
4149 	2416086  	2429854
4140 	2411459  	2412220
4131 	2411232  	2404643
4122 	2411005  	2393896
4113 	2399940  	2398556
4104 	2380401  	2394881
4095 	2374301  	2383620
4086 	2383013  	2376866
4077 	2371188  	2367037
4068 	2366415  	2481285
4059 	2362665  	2366755
4050 	2353028  	2451173
4041 	2393647  	2371388
4032 	2349986  	2336462
4023 	2334185  	2340267
4014 	2322460  	2329475
4005 	2323480  	2322725
3996 	2323598  	2325298
3987 	2311638  	2313490
3978 	2304440  	2439753
3969 	2307169  	2304282
3960 	2297901  	2295797
3951 	2289177  	2283924
3942 	2286319  	2276830
3933 	2272344  	2281486
3924 	2270906  	2266826
3915 	2266856  	2268310
3906 	2366560  	2260328
3897 	2253688  	2255282
3888 	2242866  	2255201
3879 	2245265  	2236979
3870 	2228420  	2241988
3861 	2232613  	2255048
3852 	2228152  	2225527
3843 	2233640  	2222036
3834 	2211945  	2228126
3825 	2205916  	2211002
3816 	2203480  	2262112
3807 	2265836  	2234565
3798 	2196220  	2188369
3789 	2186215  	2343320
3771 	2168009  	2172420
3762 	2165468  	2170105
3753 	2159460  	2157627
3744 	2163567  	2148372
3735 	2226529  	2275989
3726 	2146265  	2144872
3717 	2139425  	2142581
3708 	2146882  	2122748
3699 	2132538  	2129099
3690 	2119447  	2117404
3681 	2122957  	2109725
3672 	2109953  	2108120
3663 	2103034  	2106520
3654 	2096316  	2090632
3645 	2097199  	2089364
3636 	2094030  	2086198
3627 	2076542  	2077932
3618 	2079624  	2073932
3609 	2074687  	2065643
3600 	2065811  	2062058
3591 	2062928  	2055764
3582 	2046280  	2062772
3573 	2044390  	2050908
3564 	2035832  	2094535
3555 	2115497  	2051051
3546 	2043393  	2036852
3537 	2030598  	2023746
3528 	2026342  	2014855
3519 	2011745  	2014509
3510 	2012788  	2018937
3501 	2018774  	1999614
3492 	1995807  	1996822
3483 	1997621  	1987774
3474 	2112630  	2062002
3465 	1977007  	1979564
3456 	1980306  	1969570
3447 	1973399  	1964729
3438 	1972421  	1958809
3429 	1959123  	1959884
3420 	1965652  	1946350
3411 	1954252  	1939443
3402 	1941839  	1938704
3393 	1945247  	1938244
3384 	1931604  	1921004
3375 	1925723  	1925659
3366 	1920774  	1919167
3357 	1906861  	1909443
3348 	1908186  	1901783
3339 	1910776  	1898533
3330 	1892199  	1897335
3321 	1894609  	1892046
3312 	1881772  	1904572
3294 	1870803  	1880491
3285 	1910043  	1919502
3276 	1879937  	1873589
3267 	1855362  	1862377
3258 	1846257  	1854444
3249 	1864103  	1849173
3240 	1832721  	1833254
3231 	1829435  	1916066
3222 	1842726  	1821965
3213 	1818326  	1820016
3204 	1818429  	1814968
3195 	1806562  	1912661
3186 	1798531  	1808564
3177 	1796196  	1799436
3168 	1791985  	1785549
3159 	1785208  	1781762
3150 	1779000  	1782913
3141 	1781732  	1767141
3132 	1780027  	1762761
3123 	1763112  	1753089
3114 	1764311  	1756863
3105 	1754396  	1757437
3096 	1736452  	1757049
3087 	1734950  	1748207
3078 	1723253  	1743899
3069 	1725174  	1730079
3060 	1725715  	1725138
3051 	1730982  	1712632
3042 	1720921  	1710637
3033 	1706079  	1705197
3024 	1711947  	1700561
3015 	1691307  	1691600
3006 	1698749  	1682586
2997 	1683284  	1678004
2988 	1678387  	1672945
2979 	1743320  	1719080
2971 	1671399  	1672484
2963 	1661945  	1669500
2955 	1649735  	1657512
2947 	1657079  	1643534
2939 	1654935  	1643699
2931 	1647355  	1642583
2923 	1635638  	1660124
2915 	1632035  	1640396
2907 	1617446  	1650789
2899 	1623336  	1615516
2891 	1628302  	1782090
2883 	1631827  	1620334
2875 	1602850  	1609002
2867 	1604488  	1606207
2859 	1591179  	1595643
2851 	1587096  	1586511
2843 	1588885  	1583094
2835 	1572195  	1591419
2827 	1585046  	1572961
2819 	1570465  	1559877
2811 	1565823  	1562635
2803 	1555417  	1695180
2795 	1558948  	1555962
2787 	1545892  	1548132
2779 	1541372  	1544025
2771 	1578540  	1552262
2755 	1523545  	1555304
2747 	1522284  	1522290
2739 	1543872  	1519867
2731 	1509644  	1514054
2723 	1509242  	1514109
2715 	1504960  	1502880
2707 	1500261  	1498978
2699 	1498618  	1486954
2691 	1486622  	1502244
2683 	1476912  	1566166
2675 	1552465  	1512636
2667 	1484933  	1477118
2659 	1470186  	1475158
2651 	1459788  	1464098
2643 	1468484  	1463895
2635 	1448226  	1451322
2627 	1449270  	1452232
2619 	1437965  	1438335
2611 	1444699  	1431775
2603 	1426149  	1430289
2595 	1424341  	1429993
2587 	1434970  	1415526
2579 	1432108  	1487578
2571 	1446084  	1412353
2563 	1404546  	1414713
2555 	1398409  	1395590
2547 	1400262  	1404305
2539 	1399120  	1402400
2531 	1377962  	1384449
2523 	1387517  	1382341
2515 	1371936  	1375403
2507 	1371333  	1373856
2499 	1368130  	1357808
2491 	1359676  	1358813
2483 	1351438  	1355979
2475 	1350618  	1351245
2467 	1343076  	1346250
2459 	1334942  	1333472
2451 	1346959  	1330559
2443 	1331585  	1336195
2435 	1320885  	1322062
2427 	1318729  	1315010
2419 	1316877  	1314782
2411 	1309327  	1303918
2403 	1308683  	1299662
2395 	1300930  	1305719
2387 	1293741  	1291011
2379 	1292175  	1288378
2371 	1281339  	1290798
2363 	1285973  	1278584
2355 	1278578  	1270333
2347 	1266089  	1271360
2339 	1258788  	1263495
2331 	1327496  	1287567
2323 	1294269  	1260404
2315 	1275206  	1244366
2307 	1249410  	1248310
2299 	1237569  	1240000
2291 	1259161  	1301499
2283 	1225717  	1227617
2275 	1218155  	1218888
2267 	1222001  	1223830
2259 	1205991  	1213622
2251 	1217694  	1218578
2243 	1207476  	1206534
2235 	1193759  	1198156
2227 	1194711  	1196370
2219 	1186696  	1187936
2211 	1190293  	1254240
2203 	1218647  	1180709
2195 	1171505  	1171600
2187 	1160435  	1164317
2179 	1158333  	1166324
2171 	1153160  	1157681
2163 	1151100  	1152825
2155 	1140326  	1143404
2147 	1148605  	1139331
2139 	1136051  	1137869
2131 	1131217  	1132256
2115 	1121225  	1119467
2107 	1113403  	1120069
2099 	1107522  	1105720
2091 	1106011  	1110355
2083 	1100620  	1105366
2075 	1095218  	1089655
2067 	1086255  	1096129
2059 	1087332  	1082507
2051 	1080507  	1081314
2043 	1078581  	1072107
2035 	1080220  	1071216
2027 	1067578  	1073955
2019 	1083550  	1066593
2011 	1058856  	1054468
2003 	1052706  	1053543
1995 	1044919  	1050445
1987 	1056459  	1048012
1979 	1036289  	1031864
1971 	1040909  	1042144
1963 	1033936  	1029184
1955 	1026489  	1022378
1947 	1024278  	1020295
1939 	1009053  	1014744
1931 	1008088  	1015173
1923 	1006534  	1008913
1915 	992151  	999350
1907 	1078709  	1013081
1899 	1047858  	1014882
1891 	996748  	991872
1883 	978291  	980955
1875 	982170  	975774
1867 	971801  	973723
1859 	972951  	966573
1851 	966864  	964949
1843 	962365  	954078
1835 	948927  	954442
1827 	954940  	948123
1819 	943569  	945324
1811 	938497  	938620
1803 	936040  	941965
1795 	937992  	922825
1787 	922812  	923739
1779 	926245  	928456
1771 	924798  	914813
1763 	915470  	914740
1755 	914135  	902718
1747 	986614  	936827
1739 	900475  	899453
1731 	902053  	900454
1723 	892081  	889791
1715 	880114  	885503
1707 	885518  	879806
1699 	867741  	875556
1691 	880200  	869652
1683 	861724  	864658
1675 	864566  	865317
1667 	851350  	854594
1659 	848699  	851131
1651 	849455  	847105
1643 	841353  	838462
1635 	839798  	839982
1627 	827138  	831218
1619 	827514  	831290
1611 	820238  	820600
1603 	819422  	815658
1595 	812182  	813237
1587 	808805  	806587
1579 	808139  	808869
1571 	794460  	798370
1563 	793769  	792625
1555 	795332  	790400
1547 	783162  	783710
1539 	784471  	785155
1531 	779777  	775214
1523 	769039  	773436
1515 	773559  	765118
1507 	765541  	764118
1499 	758413  	764247
1491 	755457  	754141
1483 	759054  	746632
1475 	750469  	746559
1467 	739636  	742973
1459 	733223  	734376
1451 	739882  	732634
1443 	726213  	724944
1435 	720699  	727526
1427 	723113  	709609
1419 	712641  	712724
1411 	705193  	716150
1403 	697680  	700252
1395 	696912  	703111
1387 	697659  	694952
1379 	687228  	686550
1371 	685165  	686560
1363 	680732  	688329
1355 	673992  	667441
1347 	673566  	668696
1339 	665203  	681101
1331 	696655  	678901
1323 	652141  	686766
1315 	660820  	651775
1307 	649755  	665344
1299 	642196  	638165
1291 	639399  	639426
1283 	638815  	625991
1275 	630772  	631582
1267 	622461  	629583
1259 	620191  	620868
1251 	616186  	610531
1243 	612333  	612471
1235 	610005  	604505
1227 	599913  	596524
1219 	595012  	594871
1211 	595198  	593836
1203 	583946  	585467
1195 	585198  	578421
1187 	578856  	573791
1179 	573788  	568907
1171 	570257  	565294
1163 	575060  	564520
1155 	565403  	564145
1147 	558054  	550720
1139 	550430  	551700
1131 	545532  	541795
1123 	542454  	539967
1115 	536517  	537822
1107 	524632  	532335
1099 	526184  	530214
1091 	521465  	524759
1084 	517322  	519309
1070 	512203  	503537
1063 	506557  	499638
1056 	511175  	501071
1049 	498854  	499179
1042 	491838  	493268
1035 	486369  	487455
1028 	482136  	487988
1021 	481571  	475167
1014 	478502  	480381
1007 	475386  	470704
1000 	466690  	469041
993 	460637  	468823
986 	465875  	472962
979 	460267  	453408
972 	458151  	449902
965 	448981  	450408
958 	451409  	450517
951 	451071  	441945
944 	442287  	437917
937 	431719  	442611
930 	431325  	432195
923 	427660  	430115
916 	426727  	423589
909 	417257  	424501
902 	413279  	419257
895 	417154  	413131
888 	410637  	411732
881 	402543  	409816
874 	398834  	401813
867 	398573  	397778
860 	393072  	397660
853 	403813  	394154
846 	394479  	384636
839 	384006  	386331
832 	382648  	380264
825 	380616  	376516
818 	380894  	375554
811 	369345  	369324
804 	366066  	365521
797 	359029  	367487
790 	358136  	355369
783 	354540  	358991
776 	356618  	351521
769 	351660  	344970
762 	340651  	347614
755 	337465  	340635
748 	333386  	339096
741 	332819  	332987
734 	335721  	329425
727 	322496  	325550
720 	326304  	321723
713 	318411  	322657
706 	314514  	311868
699 	308168  	316785
692 	307766  	310728
685 	300669  	309389
678 	300141  	297195
671 	294041  	303337
664 	290097  	289993
657 	292578  	289662
650 	282796  	285614
643 	292258  	278551
636 	277649  	274710
629 	273657  	276163
622 	267268  	270048
615 	263437  	267781
608 	260691  	266820
601 	256955  	260995
594 	258441  	255428
587 	249452  	259238
580 	255395  	246693
573 	244594  	244449
566 	244963  	238041
559 	240812  	234381
552 	233700  	240189
545 	237010  	227203
538 	223758  	229536
531 	227202  	220185
524 	218146  	221100
517 	212640  	218783
510 	213350  	212118
503 	221170  	206324
496 	202602  	211101
489 	202807  	199402
482 	196285  	198894
475 	196033  	198732
468 	192360  	195563
461 	186412  	186775
454 	183214  	186783
447 	182953  	180091
440 	179935  	176732
433 	176259  	177798
426 	171731  	173425
419 	167391  	169900
412 	163914  	164085
405 	160676  	164951
398 	161887  	158831
392 	154522  	154713
386 	151764  	151824
380 	156299  	149009
374 	146280  	146463
368 	143492  	143524
362 	143589  	140806
356 	141926  	137933
350 	138068  	135235
344 	135217  	132803
338 	132712  	129632
332 	129884  	131502
326 	126944  	124098
320 	132946  	124543
314 	118575  	118533
308 	115788  	122316
302 	116152  	112952
296 	113494  	110446
290 	107471  	107541
284 	107502  	104952
278 	101987  	101944
272 	99197  	104854
266 	96558  	96455
260 	96445  	93616
254 	90937  	91024
248 	88500  	88540
242 	86228  	86034
236 	83743  	89093
230 	82519  	84738
224 	85157  	78744
218 	76527  	76267
212 	73856  	73811
206 	71406  	71404
200 	70418  	73700
194 	66547  	69641
188 	69787  	64119
182 	61652  	61689
176 	59409  	59217
170 	56787  	56765
164 	54488  	54474
158 	57407  	51924
152 	49492  	49660
146 	47055  	47067
141 	45015  	45052
136 	43026  	42998
131 	41009  	41003
126 	38991  	39129
121 	41201  	37227
116 	35511  	35516
111 	33746  	33735
106 	34797  	31980
101 	30238  	30255
96 	28495  	28502
91 	26752  	26749
86 	25169  	25007
81 	23262  	23286
76 	21507  	21524
71 	19737  	19734
66 	18013  	18001
61 	15612  	15378
56 	13827  	13829
51 	12286  	12296
47 	11029  	11025
43 	9789  	9784
39 	8557  	8548
35 	7326  	7297
31 	6067  	6084
27 	5115  	5110
23 	4165  	4166
19 	3220  	3226
16 	2480  	2487
13 	1890  	1883
10 	1322  	1319
7 	792  	784
5 	506  	498
3 	261  	257
