4-3-2-1
10000 	17419338  	16839999
9990 	16239534  	16348606
9980 	16340022  	16261177
9970 	16146355  	16393009
9960 	16242849  	16092480
9950 	16019538  	16212474
9930 	15968549  	16175288
9920 	16171030  	16009302
9910 	15846578  	15970819
9900 	15805742  	15918906
9890 	15965992  	15819196
9880 	15772604  	15754339
9860 	15681951  	15690934
9850 	15943176  	15843544
9840 	15591886  	15584592
9830 	15723502  	15660077
9820 	15599333  	15505795
9800 	15434560  	15421329
9790 	15540553  	15385417
9780 	15426018  	15479078
9770 	15320775  	15282268
9760 	15257494  	15491058
9750 	15195310  	15228439
9730 	15150839  	15152423
9720 	15101829  	15243046
9710 	15114134  	15056153
9700 	15034317  	15310941
9690 	14984767  	15122214
9680 	14994128  	15128440
9660 	14965528  	15120263
9650 	14905829  	14842630
9640 	14816860  	14974116
9630 	14732001  	14731365
9620 	14722437  	14971130
9610 	14658912  	14640258
9600 	14637853  	14873159
9580 	14560486  	14802021
9570 	14494243  	14496400
9560 	14465359  	14458349
9550 	14682459  	14434953
9540 	14401869  	14513728
9530 	14454799  	14335436
9510 	14357236  	14256837
9500 	14230378  	14236119
9490 	14373286  	14161559
9480 	14196304  	14138025
9470 	14257572  	14102928
9460 	14067292  	14063828
9450 	14279516  	14062019
9430 	13957375  	14065294
9420 	13887270  	13922749
9410 	13890284  	14099539
9400 	13843262  	13850293
9390 	13806907  	14010928
9380 	13740494  	13734258
9360 	13818595  	13667600
9350 	13629623  	13641336
9340 	13787220  	13585687
9330 	13574588  	13577427
9320 	13722048  	13520110
9310 	13525674  	13493140
9300 	13426057  	13594074
9280 	13366500  	13538207
9270 	13320743  	13308801
9260 	13289824  	13293184
9250 	13370613  	13225936
9240 	13220132  	13234014
9230 	13357801  	13419644
9220 	13303052  	13139195
9200 	13057564  	13096947
9190 	13062737  	13188178
9180 	13001958  	12983040
9170 	12975461  	12992442
9160 	13148312  	12890745
9150 	12920159  	12911936
9140 	12995376  	12916985
9130 	12828750  	12841321
9110 	12741612  	12747449
9100 	12718912  	12720841
9090 	12884404  	12690966
9080 	12627662  	12641934
9070 	12630762  	12867897
9060 	12564447  	12565002
9050 	12568445  	12848181
9030 	12515557  	12478587
9020 	12548971  	12430793
9010 	12390759  	12438207
9000 	12368210  	12493831
8990 	12549885  	12313353
8980 	12303547  	12303505
8970 	12352228  	12248434
8960 	12251673  	12238006
8940 	12158876  	12223873
8930 	12141733  	12127140
8920 	12321439  	12147479
8910 	12097876  	12078413
8900 	12221945  	12065580
8890 	11998394  	12010452
8880 	12012621  	11994578
8870 	12277519  	11935687
8850 	12185919  	11897348
8840 	11870694  	11774451
8830 	11824637  	11823916
8820 	12047775  	11802391
8810 	11761772  	11779200
8800 	11877906  	11733453
8790 	11584473  	11605596
8780 	11662167  	11689592
8760 	11638283  	11637605
8750 	11633449  	11828104
8740 	11734275  	11583684
8730 	11542004  	11523490
8720 	11678040  	11497769
8710 	11480999  	11417960
8700 	11436379  	11672418
8690 	11444107  	11407423
8670 	11437630  	11464723
8660 	11336416  	11342020
8650 	11336955  	11569205
8640 	11329678  	11316698
8630 	11260532  	11297376
8620 	11232111  	11449322
8610 	11217948  	11200799
8600 	11230378  	11212385
8580 	11141250  	11155689
8570 	11117963  	11122341
8560 	11291588  	11081706
8550 	11080942  	11081409
8540 	11078529  	11221861
8530 	11032164  	11042875
8520 	11047706  	10995620
8510 	11023585  	11254110
8500 	10950711  	10967704
8480 	11058952  	11050361
8470 	10881393  	10892553
8460 	10871968  	10967414
8450 	10847029  	10909690
8440 	10872519  	10832980
8430 	10899156  	10923490
8420 	10778269  	10823757
8410 	10763663  	10753246
8400 	10884869  	10766392
8380 	10717975  	10717248
8370 	10854197  	10674689
8360 	10633983  	10655693
8350 	10659885  	10643331
8340 	10830186  	10603762
8330 	10605950  	10622296
8320 	10588677  	10785586
8310 	10574741  	10584637
8300 	10557108  	10527782
8280 	10489758  	10478485
8270 	10462688  	10458600
8260 	10615077  	10485420
8250 	10407714  	10429649
8240 	10417578  	10410373
8230 	10597945  	10371951
8220 	10359069  	10376933
8210 	10348545  	10371507
8200 	10527407  	10439269
8180 	10282336  	10288968
8170 	10418719  	10268888
8160 	10257294  	10261234
8150 	10253735  	10548227
8140 	10255933  	10203711
8130 	10175678  	10186164
8120 	10198164  	10180779
8110 	10498788  	10151194
8100 	10151080  	10171519
8091 	10387300  	10338981
8073 	10103125  	10093808
8064 	10061094  	10272176
8055 	10062084  	10037626
8046 	10045970  	10056774
8037 	10031157  	10288590
8028 	10020346  	9989949
8019 	10014746  	9996471
8010 	9973472  	10091832
8001 	9951875  	9946571
7983 	9940117  	10075368
7974 	9904397  	9916272
7965 	9890170  	9912888
7956 	9856223  	10132848
7947 	9859011  	9840267
7938 	9839813  	9851555
7929 	9849495  	9990523
7920 	9812616  	9957583
7911 	9794396  	9798786
7902 	9770829  	9893414
7884 	9812834  	9774576
7875 	9762681  	9922120
7866 	9749829  	9712809
7857 	9736438  	9735041
7848 	9704831  	9686180
7839 	9732325  	9685547
7830 	9646499  	9653852
7821 	9643849  	9863935
7812 	9631857  	9656331
7803 	9587306  	10078138
7785 	10122254  	9593394
7776 	9540661  	9549202
7767 	9528571  	9746800
7758 	9576507  	9513498
7749 	9559740  	9511088
7740 	9479654  	9474288
7731 	9618508  	9454649
7722 	9425055  	9448560
7713 	9446831  	9431006
7704 	9712293  	9394958
7686 	9383446  	9376273
7677 	9394258  	9506308
7668 	9324486  	9356036
7659 	9324415  	9335342
7650 	9322332  	9460356
7641 	9308067  	9519129
7632 	9297804  	9306534
7623 	9252843  	9253629
7614 	9525686  	9245053
7605 	9314846  	9252019
7596 	9244722  	9295708
7578 	9175381  	9196882
7569 	9164615  	9186230
7560 	9158314  	9237511
7551 	9115701  	9131093
7542 	9142698  	9127112
7533 	9141802  	9217221
7524 	9090510  	9090144
7515 	9093613  	9083763
7506 	10457117  	10944645
7497 	10792387  	10705396
7479 	10789286  	10881743
7470 	10656465  	10681102
7461 	10640764  	10609852
7452 	9366548  	9016816
7443 	8951650  	8953233
7434 	8948009  	8931035
7425 	8917284  	9049922
7416 	8917431  	8900945
7407 	8912996  	8907603
7398 	8864982  	8857935
7380 	8822186  	8850487
7371 	8825147  	8809233
7362 	8951820  	8871586
7353 	8860056  	8766700
7344 	8768624  	8768320
7335 	8756851  	8757514
7326 	8841571  	8729183
7317 	8718283  	8731929
7308 	8699748  	8702551
7299 	8854513  	8694077
7290 	8664259  	8693270
7281 	8680082  	9059091
7263 	10196222  	10242288
7254 	10164727  	10229942
7245 	10287612  	10260969
7236 	10121169  	10124206
7227 	10132936  	10131371
7218 	9239892  	8727408
7209 	8520634  	8529052
7200 	8550466  	8528040
7191 	8525173  	8658082
7182 	8584153  	8500995
7164 	8462065  	9560803
7155 	9952057  	10111551
7146 	9955656  	9956316
7137 	9951539  	9933441
7128 	10049744  	9929498
7119 	10027871  	9873011
7110 	9864269  	9853694
7101 	9846652  	10038331
7092 	9843900  	9849589
7083 	9806883  	8853713
7065 	8319925  	8393342
7056 	8297822  	8274193
7047 	8991982  	9749790
7038 	9827170  	9760484
7029 	9692997  	9690748
7020 	9743541  	9732416
7011 	9693942  	8217041
7002 	8169744  	8178382
6993 	8199241  	8196911
6984 	8165765  	8251962
6975 	8142270  	8119049
6957 	8113959  	8122466
6948 	8247146  	8106892
6939 	8081299  	8094056
6930 	8069238  	8067279
6921 	8037543  	8046678
6912 	8188733  	8044474
6903 	8025951  	8032734
6894 	8025628  	8003968
6885 	7991793  	8116754
6876 	7986970  	7968208
6867 	7965645  	7964574
6858 	7937938  	7945946
6849 	7938243  	8069075
6831 	7924331  	7910720
6822 	7883480  	7905160
6813 	8024917  	7862079
6804 	7864752  	7859422
6795 	7851338  	7849580
6786 	7819918  	7834899
6777 	7886124  	7807745
6768 	7786854  	7792650
6759 	7776963  	7801751
6750 	7771613  	7901223
6741 	7791752  	7754295
6732 	7909676  	7728564
6714 	7708388  	7707790
6705 	7790019  	7682247
6696 	8282211  	7887126
6687 	7657182  	7672224
6678 	7729332  	7751411
6669 	7657919  	7615533
6660 	7636932  	7619404
6651 	7596694  	8811097
6642 	8944112  	9049583
6633 	8929231  	8668138
6624 	7563749  	7555896
6615 	7542742  	7624821
6606 	7579597  	7541317
6588 	7690447  	7607806
6579 	7498908  	9197268
6570 	7550472  	8193460
6561 	7631766  	7590761
6552 	7483203  	7437565
6543 	7464789  	7592816
6534 	7413327  	7415184
6525 	7406205  	7409720
6516 	7389494  	7400285
6507 	7348013  	7362701
6498 	7441672  	7358217
6489 	7800178  	7389609
6480 	7363558  	7381898
6462 	7367053  	7311498
6453 	7324369  	7275675
6444 	7268824  	7307044
6435 	7262583  	7252497
6426 	7407090  	7225852
6417 	7215940  	7238282
6408 	7211679  	7214340
6399 	7216556  	7261373
6390 	7448143  	7188481
6381 	7230765  	7173910
6372 	7138933  	7140374
6363 	7168405  	7135697
6354 	7110028  	7266819
6345 	7102480  	7131449
6327 	7107092  	7142113
6318 	7115468  	7070197
6309 	7068806  	7046653
6300 	7017633  	7021880
6291 	7011306  	7043048
6282 	7003208  	7004492
6273 	7155017  	7008112
6264 	6965334  	6964900
6255 	6966954  	6960525
6246 	6948587  	7087281
6237 	6960025  	6944581
6228 	6926273  	6927712
6219 	6928932  	6899503
6210 	6890900  	6883434
6192 	6871467  	6875345
6183 	6845676  	6853566
6174 	6850842  	6832918
6165 	6881384  	6936623
6156 	6813132  	6825978
6147 	6794502  	6783765
6138 	6777735  	6779580
6129 	6763906  	6759974
6120 	6866883  	6770668
6111 	6740631  	6730619
6102 	6725550  	6721919
6093 	6702622  	6714564
6084 	6841450  	6720969
6075 	6688649  	6686072
6066 	6662261  	6671789
6048 	6634502  	6624375
6039 	6737953  	6640910
6030 	6611738  	6600959
6021 	6590742  	6591174
6012 	6577693  	6591251
6003 	6799824  	6575770
5994 	6576988  	6697668
5985 	6536594  	6529467
5976 	6541862  	6580839
5967 	6530237  	6536550
5958 	6602471  	6526975
5949 	6505614  	6471247
5940 	6467918  	6483092
5931 	6468954  	6469981
5922 	6529940  	6501273
5913 	6429957  	6432252
5895 	6508523  	6396447
5886 	6396286  	6399368
5877 	6366553  	6581774
5868 	6360374  	6366149
5859 	6334466  	6335893
5850 	6336213  	6344354
5841 	6295321  	6408292
5832 	6341826  	6308235
5823 	6276150  	6277552
5814 	6253830  	6389301
5805 	6464727  	6376537
5796 	6249368  	6239793
5787 	6319794  	6232092
5778 	6205119  	6205940
5769 	6216300  	6188461
5760 	6189030  	6190956
5742 	6166422  	6182798
5733 	6159608  	6154160
5724 	6148402  	6118706
5715 	6125740  	6123282
5706 	6167064  	6175977
5697 	6087179  	6099656
5688 	6173053  	6073496
5679 	6068227  	6062192
5670 	6056914  	6046375
5661 	6202363  	6051016
5652 	6029579  	6043127
5643 	5992384  	6192777
5634 	6601964  	6342916
5625 	6009679  	5974605
5616 	5964921  	6200891
5607 	5950770  	5942307
5589 	5926485  	5931244
5580 	5924453  	5992173
5571 	6038404  	5903820
5562 	5888821  	6008126
5553 	5894026  	5864459
5544 	5870799  	5858185
5535 	5840491  	5844348
5526 	5827489  	6043656
5517 	5804545  	5817466
5508 	5791347  	5851294
5499 	5800055  	5817851
5490 	5780604  	5803545
5481 	5952988  	5824973
5472 	5770659  	5761022
5463 	5734483  	5741121
5454 	5716329  	5718651
5445 	5715808  	5711783
5427 	5778446  	5682680
5418 	5669681  	5662868
5409 	5674014  	5674743
5400 	5641013  	5648550
5391 	5619949  	5755477
5382 	5621478  	5625044
5373 	5599054  	5611597
5364 	5597219  	5597085
5355 	5573267  	5604961
5346 	5558078  	5566843
5337 	5538719  	5600004
5328 	5534542  	5536284
5319 	5517058  	5502235
5310 	5509883  	5494549
5301 	5496945  	5498938
5292 	5568585  	5554323
5283 	5472894  	5478553
5274 	5454503  	5447146
5265 	5436803  	5443483
5247 	5413621  	5415881
5238 	5406982  	5540911
5229 	5505062  	5444475
5220 	5365491  	5381326
5211 	5356785  	5357317
5202 	5370689  	5350176
5193 	5403572  	5407892
5184 	5332107  	5331396
5175 	5318012  	5331546
5166 	5299662  	5304357
5157 	5327747  	5291201
5148 	5273055  	5261489
5139 	5258293  	5494347
5130 	5283957  	5244415
5121 	5243402  	5231491
5112 	5204495  	5226111
5103 	5234175  	5204391
5094 	5208686  	5335752
5085 	5216177  	5178834
5067 	5192429  	5146830
5058 	5137376  	5133959
5049 	5136999  	5146263
5040 	5122355  	5134758
5031 	5230136  	5120928
5022 	5088291  	5085112
5013 	5081281  	5094958
5004 	5086272  	5060854
4995 	5057323  	5047960
4986 	5126155  	5077104
4977 	5034246  	5027680
4968 	5024164  	5030679
4959 	5000206  	5020469
4950 	4994875  	4976688
4941 	4979274  	4979468
4932 	4960413  	4954610
4923 	5186390  	4968545
4914 	4942014  	4944648
4905 	4916308  	4912773
4896 	4915938  	4911998
4878 	4993886  	4936373
4869 	4874531  	4883303
4860 	4862270  	4854519
4851 	4841605  	4842179
4842 	4832479  	4830620
4833 	4823680  	4819153
4824 	4803998  	4815535
4815 	4846582  	4778719
4806 	4786566  	4791625
4797 	4784540  	4774508
4788 	4764347  	4753818
4779 	4754267  	4757455
4770 	4733572  	4835374
4761 	4773326  	4727420
4752 	4712886  	4715740
4743 	4697176  	4699160
4734 	4679442  	4689443
4725 	4667769  	4678042
4716 	4661341  	4652620
4707 	4639757  	4664096
4698 	4704451  	4629310
4689 	4862981  	4634753
4671 	4606154  	4596004
4662 	4585893  	4585360
4653 	4571726  	4711288
4644 	4576344  	4562808
4635 	4560382  	4540768
4626 	4530161  	4519844
4617 	4514034  	4573574
4608 	4499401  	4508343
4599 	4507081  	4483558
4590 	4492065  	4486660
4581 	4563751  	4471631
4572 	4464823  	4443518
4563 	4431044  	4458190
4554 	4443156  	4428495
4545 	4421160  	4433991
4536 	4403330  	4530319
4527 	4474863  	4404027
4518 	4386165  	4384988
4509 	4528398  	4380957
4500 	4370951  	4355014
4491 	4348720  	4342291
4482 	4336890  	4336966
4473 	4317318  	4316870
4455 	4290728  	4290979
4446 	4279366  	4279960
4437 	4272003  	4276073
4428 	4251175  	4280553
4419 	4249676  	4246263
4410 	4246618  	4456052
4401 	4252453  	4222316
4392 	4264521  	4204925
4383 	4187085  	4190939
4374 	4179892  	4181753
4365 	4186095  	4157346
4356 	4168162  	4162805
4347 	4175159  	4144512
4338 	4144067  	4292222
4329 	4174580  	4114698
4320 	4110783  	4110539
4311 	4097484  	4088269
4302 	4105554  	4080376
4293 	4079695  	4085151
4284 	4065536  	4052429
4275 	4266257  	4050958
4266 	4146728  	4039659
4257 	4026370  	4019731
4248 	4018849  	4020882
4230 	3988548  	3988768
4221 	3968414  	3979210
4212 	3952587  	3969939
4203 	3954187  	4189998
4194 	3967756  	3951292
4185 	3976744  	3929591
4176 	3922770  	3905892
4167 	3902735  	3922386
4158 	3897578  	3898300
4149 	3883587  	3872467
4140 	4084914  	3873010
4131 	3855310  	3872407
4122 	3847994  	3851965
4113 	3843084  	3823911
4104 	3829092  	3822749
4095 	3804113  	3814567
4086 	3803869  	3795840
4077 	3786755  	3815659
4068 	3785190  	3846169
4059 	3882419  	3766347
4050 	3761249  	3768416
4041 	3747846  	3732847
4032 	3740497  	3743166
4023 	3717878  	3732500
4014 	3709715  	3713562
4005 	3707877  	3795733
3996 	3750172  	3690081
3978 	3651508  	3673577
3969 	3666490  	3655602
3960 	3635959  	3653533
3951 	3639028  	3804290
3942 	3762334  	3621798
3933 	3616206  	3602329
3924 	3593525  	3596945
3915 	3728594  	3592915
3906 	3576923  	3584730
3897 	3554640  	3559929
3888 	3564014  	3566868
3879 	3559361  	3543357
3870 	3547905  	3541804
3861 	3510800  	3541498
3852 	3594785  	3613120
3843 	3518932  	3505917
3834 	3504057  	3497107
3825 	3595535  	3481141
3816 	3464400  	3472527
3807 	3450205  	3456553
3798 	3433846  	3442602
3789 	3437993  	3438220
3780 	3424975  	3419450
3771 	3405180  	3400361
3762 	3567815  	3399444
3753 	3393456  	3389315
3744 	3392149  	3366808
3735 	3362183  	3363359
3726 	3355822  	3403019
3717 	3343491  	3346452
3699 	3328690  	3515916
3690 	3364448  	3308634
3681 	3295232  	3306780
3672 	3288235  	3286662
3663 	3287459  	3286036
3654 	3269216  	3270306
3645 	3275606  	3250790
3636 	3238885  	3247187
3627 	3248195  	3236805
3618 	3218811  	3216488
3609 	3215662  	3220255
3600 	3351170  	3202381
3591 	3198710  	3189661
3582 	3190325  	3177766
3573 	3169075  	3169453
3564 	3159171  	3172740
3555 	3139131  	3175709
3546 	3136153  	3139940
3537 	3134092  	3131765
3528 	3267651  	3164446
3519 	3114628  	3114084
3510 	3196088  	3108205
3501 	3082789  	3091588
3492 	3060604  	3075323
3483 	3064562  	3063592
3474 	3058917  	3053338
3465 	3034782  	3049460
3456 	3032661  	3033754
3447 	3020836  	3027069
3438 	3014978  	3010359
3429 	3072269  	3101253
3420 	2981008  	2997201
3402 	2968777  	2963682
3393 	2957820  	2970788
3384 	2966888  	2938242
3375 	2942832  	2940189
3366 	2942002  	2915208
3357 	2925502  	2950091
3348 	3075449  	2917599
3339 	2891118  	2906616
3330 	2885813  	2888938
3321 	2886707  	2871278
3312 	2856285  	2888529
3303 	2852319  	2852016
3294 	2847722  	2840648
3285 	2832306  	2829123
3276 	2829913  	2819994
3267 	2811274  	2807713
3258 	2797621  	2812820
3249 	2792859  	2800135
3240 	2912408  	2787514
3231 	2783884  	2770483
3222 	2774816  	2764809
3213 	2762431  	2746919
3204 	2742352  	2741094
3195 	2741455  	2733369
3186 	2718028  	2721290
3177 	2718512  	2717334
3168 	2698071  	2701551
3159 	2778628  	2761390
3150 	2693190  	2679097
3141 	2676369  	2681195
3132 	2662699  	2658082
3123 	2663847  	2645355
3114 	2641718  	2641533
3105 	2624518  	2627302
3096 	2627685  	2618497
3087 	2615243  	2609500
3078 	2602724  	2610187
3069 	2587364  	2583863
3051 	2567589  	2580436
3042 	2695837  	2566924
3033 	2550418  	2556874
3024 	2544042  	2537727
3015 	2523459  	2529275
3006 	2516226  	2512791
2997 	2514554  	2512285
2988 	2512181  	2497903
2979 	2482266  	2496421
2971 	2498843  	2483058
2963 	2469476  	2468999
2955 	2534050  	2627965
2947 	2462289  	2462280
2939 	2446273  	2448340
2931 	2436751  	2444902
2923 	2458839  	2537233
2915 	2422024  	2433179
2907 	2523112  	2571386
2899 	2398359  	2410055
2891 	2396410  	2387026
2883 	2383998  	2387693
2875 	2373961  	2384908
2867 	2372232  	2368379
2859 	2359518  	2354116
2851 	2350478  	2341991
2843 	2336200  	2511136
2835 	2324952  	2338570
2827 	2317776  	2322994
2819 	2315324  	2311273
2811 	2302483  	2306708
2803 	2284063  	2295115
2795 	2284846  	2290069
2787 	2293102  	2284983
2779 	2299953  	2265614
2771 	2261842  	2263584
2763 	2262059  	2239790
2755 	2251819  	2335577
2747 	2297645  	2266672
2739 	2230122  	2239374
2731 	2210986  	2223576
2723 	2224965  	2210788
2715 	2200266  	2194557
2707 	2194960  	2188753
2699 	2176154  	2182831
2683 	2166486  	2169478
2675 	2157687  	2157179
2667 	2157137  	2143965
2659 	2148302  	2145560
2651 	2125244  	2131894
2643 	2121960  	2130091
2635 	2116311  	2120083
2627 	2134506  	2285393
2619 	2101869  	2103989
2611 	2088621  	2091439
2603 	2090917  	2076717
2595 	2078096  	2065435
2587 	2065288  	2062331
2579 	2067682  	2058952
2571 	2062954  	2043654
2563 	2044591  	2033520
2555 	2043204  	2029660
2547 	2034953  	2024510
2539 	2009747  	2013820
2531 	2007859  	2082464
2523 	2040039  	2040472
2515 	1994159  	1992839
2507 	1983885  	1989814
2499 	1965339  	1979773
2491 	1963147  	1968019
2483 	1964514  	1967145
2475 	1958352  	1952857
2467 	1943280  	1939692
2459 	1928395  	1926828
2451 	1931765  	1919806
2443 	1916925  	1914575
2435 	1901742  	1903883
2427 	1899544  	1891533
2419 	1892121  	1878129
2411 	1882029  	1882779
2403 	1864502  	1868531
2395 	1859383  	1863448
2387 	1859241  	1987084
2379 	1849354  	1841404
2371 	1844983  	1839346
2363 	1829742  	1836924
2355 	1818836  	1822760
2347 	1804189  	1820402
2339 	1803368  	1811982
2331 	1796730  	1798960
2323 	1798408  	1792934
2315 	1771704  	1771286
2307 	1787290  	1772669
2299 	1766858  	1768522
2291 	1751245  	1754152
2283 	1745410  	1757017
2275 	1730263  	1798322
2267 	1772961  	1747345
2259 	1715722  	1719426
2243 	1711783  	1705342
2235 	1706132  	1695850
2227 	1693651  	1689803
2219 	1685762  	1686274
2211 	1679390  	1670916
2203 	1667194  	1657096
2195 	1660600  	1657830
2187 	1655094  	1647839
2179 	1649812  	1643991
2171 	1625007  	1642933
2163 	1627510  	1632314
2155 	1614964  	1625064
2147 	1618337  	1604395
2139 	1674740  	1609635
2131 	1599628  	1599076
2123 	1583456  	1594586
2115 	1579752  	1577776
2107 	1650666  	1729739
2099 	1608831  	1555286
2091 	1555227  	1561410
2083 	1542848  	1554236
2075 	1541550  	1538260
2067 	1533753  	1536367
2059 	1522488  	1517147
2051 	1518661  	1512458
2043 	1506583  	1509763
2035 	1511913  	1498416
2027 	1496551  	1493158
2019 	1486152  	1483200
2011 	1485171  	1485875
2003 	1471002  	1477955
1995 	1471579  	1459720
1987 	1456393  	1455886
1979 	1445805  	1451644
1971 	1498063  	1485731
1963 	1446406  	1433042
1955 	1430491  	1424695
1947 	1426003  	1421232
1939 	1413613  	1411699
1931 	1413981  	1405093
1923 	1389915  	1402039
1915 	1391915  	1398153
1907 	1387360  	1381140
1899 	1374553  	1384999
1891 	1383686  	1373945
1883 	1354908  	1363000
1875 	1351010  	1361407
1867 	1349302  	1362755
1859 	1346157  	1338947
1851 	1330662  	1330401
1843 	1321056  	1332317
1835 	1325687  	1314223
1827 	1311718  	1325215
1819 	1301856  	1298795
1811 	1301299  	1294697
1803 	1291797  	1298400
1795 	1277765  	1277648
1787 	1275256  	1278695
1779 	1267078  	1266619
1771 	1262643  	1376535
1763 	1252194  	1260470
1755 	1251188  	1255625
1747 	1247639  	1232101
1739 	1239279  	1233864
1731 	1225136  	1226174
1723 	1221494  	1214812
1715 	1221474  	1207061
1707 	1204797  	1204357
1699 	1189991  	1196546
1691 	1181189  	1191763
1683 	1187848  	1182373
1675 	1175617  	1179458
1667 	1181225  	1164660
1659 	1163221  	1170856
1643 	1153421  	1147818
1635 	1147198  	1227853
1627 	1138595  	1127985
1619 	1127866  	1128591
1611 	1113389  	1120032
1603 	1107900  	1195411
1595 	1105074  	1143170
1587 	1105848  	1107868
1579 	1091919  	1093436
1571 	1087630  	1085650
1563 	1088817  	1084365
1555 	1068869  	1067985
1547 	1062237  	1070504
1539 	1060542  	1054290
1531 	1047437  	1065378
1523 	1174563  	1095425
1515 	1038991  	1040200
1507 	1021241  	1035385
1499 	1016295  	1019349
1491 	1016318  	1015362
1483 	1011753  	1006520
1475 	999530  	1001907
1467 	991281  	992688
1459 	989521  	988809
1451 	979974  	986885
1443 	968006  	975310
1435 	965678  	965263
1427 	960644  	963343
1419 	952996  	958058
1411 	942094  	942310
1403 	941554  	939934
1395 	940062  	935957
1387 	924784  	927858
1379 	910406  	924706
1371 	916632  	914283
1363 	904570  	897346
1355 	904995  	898376
1347 	890511  	886422
1339 	880545  	895397
1331 	873785  	873222
1323 	874517  	910078
1315 	869825  	863441
1307 	849858  	859730
1299 	850929  	850144
1291 	851211  	843930
1283 	834313  	830290
1275 	830594  	833933
1267 	816940  	820445
1259 	829319  	825653
1251 	803707  	807843
1243 	799996  	800531
1235 	797956  	799722
1227 	787747  	791307
1219 	791412  	784256
1211 	775759  	773478
1203 	765779  	775723
1195 	776474  	761623
1187 	762844  	766282
1179 	749875  	756370
1171 	747138  	769755
1163 	812274  	777498
1155 	733717  	737390
1147 	725607  	723898
1139 	723103  	724225
1131 	715634  	712380
1123 	702055  	709062
1115 	709534  	698458
1107 	696878  	692662
1099 	688770  	690430
1091 	676766  	685192
1084 	671484  	678471
1077 	670240  	672380
1070 	666877  	663456
1063 	690732  	728998
1056 	659572  	671514
1049 	662365  	669205
1042 	645889  	650865
1035 	637540  	638455
1028 	635009  	633848
1021 	623597  	620837
1014 	621788  	619674
1007 	616732  	618993
1000 	615286  	607074
993 	608516  	615141
986 	615227  	612628
979 	594647  	600076
972 	586490  	593087
965 	584893  	589426
958 	579456  	581956
951 	571574  	578616
944 	563431  	573667
937 	561219  	571946
930 	560244  	565018
923 	552770  	561187
916 	552925  	551041
909 	541498  	556792
902 	540606  	541307
895 	539763  	531720
888 	539106  	529566
881 	528315  	527068
874 	521002  	513929
867 	511936  	519129
860 	506670  	513641
853 	505453  	511631
846 	494032  	497074
839 	499920  	495266
832 	493845  	484486
825 	492207  	485734
818 	474370  	505999
811 	552810  	518159
804 	476668  	470635
797 	476707  	465713
790 	460786  	460339
783 	452782  	468278
776 	445208  	448075
769 	450980  	446112
762 	443022  	483752
755 	482398  	438785
748 	434828  	433799
741 	433021  	423931
734 	424550  	421963
727 	416298  	419505
720 	409022  	412234
713 	406071  	404253
706 	400561  	406009
699 	395144  	394545
692 	391404  	389508
685 	381715  	394842
678 	380281  	382473
671 	382805  	374589
664 	370282  	376708
657 	365398  	362689
650 	368147  	361347
643 	353033  	361925
636 	348231  	352710
629 	351208  	349321
622 	344144  	338778
615 	343882  	333795
608 	335039  	336518
601 	324327  	327495
594 	321343  	328555
587 	329595  	314990
580 	318807  	314821
573 	305532  	308353
566 	307947  	303687
559 	338498  	340856
552 	324280  	323446
545 	318662  	290920
538 	291087  	284997
531 	277326  	277237
524 	280674  	272450
517 	267882  	270417
510 	263257  	268388
503 	261771  	258867
496 	258667  	259762
489 	254981  	253519
482 	252579  	249275
475 	246272  	241911
468 	240232  	240187
461 	233098  	241003
454 	231611  	229268
447 	224443  	224597
440 	226721  	220413
433 	219007  	216206
426 	217707  	211720
419 	214978  	207455
405 	199252  	202526
398 	200889  	195057
392 	194271  	194319
386 	187545  	192641
380 	183928  	183880
374 	186771  	183070
368 	179649  	176904
362 	178653  	176410
356 	172422  	172317
350 	166089  	165879
344 	169850  	162588
338 	158758  	158729
332 	155391  	158001
326 	151570  	154942
320 	154060  	147906
314 	147437  	144388
308 	142400  	142409
302 	140552  	137215
296 	141064  	136987
290 	130082  	130068
284 	126887  	126672
278 	123009  	125781
272 	119469  	121141
266 	120972  	115873
260 	112361  	112627
254 	114799  	108917
248 	105687  	108516
242 	102474  	102455
236 	101263  	104203
230 	99256  	99145
224 	93153  	93117
218 	90180  	90270
212 	87121  	87129
206 	84186  	84184
200 	87264  	81232
194 	82988  	78236
188 	75302  	75286
182 	72565  	72312
176 	69326  	69299
170 	66635  	69149
164 	63362  	63497
158 	60485  	60471
152 	57525  	57515
146 	59713  	54622
141 	52187  	58019
136 	49756  	55464
131 	47352  	47326
126 	45049  	45032
121 	42918  	42943
116 	40847  	40862
111 	38959  	38751
106 	36667  	36666
101 	34515  	34516
96 	33235  	32459
91 	30379  	30381
86 	28302  	28314
81 	26222  	26218
76 	25783  	25479
71 	22056  	26786
66 	19935  	19945
61 	18060  	18064
56 	16279  	16288
51 	14537  	14520
47 	13464  	13114
43 	11709  	11714
39 	10295  	10310
35 	8870  	8852
31 	7510  	7516
27 	6336  	6328
23 	5162  	5150
19 	3960  	3948
16 	3083  	3072
13 	2378  	2378
10 	1648  	1644
7 	950  	948
5 	604  	592
3 	297  	297
